# Datafile created by QuickNXS 2.1.0
# Datafile created using Mantid 4.2.0
# Date: 2023-02-22 14:22:28
# Type: Specular
# Input file indices: 41919,41920,41921,41922
# Extracted states: Off-Off
#
# [Direct Beam Runs]
#    DB_ID        P0        PN     x_pos   x_width     y_pos   y_width    bg_pos  bg_width      dpix       tth    number      File
#        1         0         0       220        10       122       108        18        60       219         0     41916  /SNS/REF_M/IPTS-31275/nexus/REF_M_41916.nxs.h5
#        2         0         0       220        11       122       108        18        60       219         0     41917  /SNS/REF_M/IPTS-31275/nexus/REF_M_41917.nxs.h5
#        3         0         0       220        13       128        97        18        60       219         0     41918  /SNS/REF_M/IPTS-31275/nexus/REF_M_41918.nxs.h5
#        4         0         0       220        13       128        97        18        60       219         0     41918  /SNS/REF_M/IPTS-31275/nexus/REF_M_41918.nxs.h5
#
# [Data Runs]
#    scale        P0        PN     x_pos   x_width     y_pos   y_width    bg_pos  bg_width       fan      dpix       tth    number     DB_ID      File
#   2.4604         1         0     179.5         8     128.5        85        18        60     False       219  4.42979e-14     41919         1  /SNS/REF_M/IPTS-31275/nexus/REF_M_41919.nxs.h5
#   0.6651         1         2       180         7       127        80        18        60     False       219  -2.72671e-13     41920         2  /SNS/REF_M/IPTS-31275/nexus/REF_M_41920.nxs.h5
# 0.375837         0         0       180         7       127        80        18        60     False       219  0.535074     41921         3  /SNS/REF_M/IPTS-31275/nexus/REF_M_41921.nxs.h5
# 0.271019         1         0       181         9       127        80        18        60     False       219   1.46562     41922         4  /SNS/REF_M/IPTS-31275/nexus/REF_M_41922.nxs.h5
#
# [Global Options]
# name           value
# sample_length  10.0
#
# [Data]
#     Qz [1/A]	    R [a.u.]	   dR [a.u.]	   dQz [1/A]
9.666560e-03       1.018704e+00       8.693184e-03       3.254518e-04      
9.760557e-03       1.005363e+00       8.129100e-03       3.286378e-04      
9.856400e-03       9.879969e-01       7.771322e-03       3.318869e-04      
9.954143e-03       9.865584e-01       7.477300e-03       3.352011e-04      
1.005384e-02       1.010663e+00       7.397603e-03       3.385825e-04      
1.015556e-02       9.840842e-01       7.092420e-03       3.420330e-04      
1.025936e-02       9.825979e-01       6.895801e-03       3.455548e-04      
1.036530e-02       9.463952e-01       6.575576e-03       3.491501e-04      
1.047346e-02       9.480117e-01       6.396072e-03       3.528214e-04      
1.058389e-02       9.396598e-01       6.225179e-03       3.565710e-04      
1.069668e-02       9.283140e-01       6.052550e-03       3.604014e-04      
1.081190e-02       9.264798e-01       5.940634e-03       3.643153e-04      
1.092962e-02       8.955747e-01       5.748141e-03       3.683156e-04      
1.104994e-02       8.534802e-01       5.507423e-03       3.724050e-04      
1.117294e-02       8.218416e-01       5.299681e-03       3.765867e-04      
1.129870e-02       7.972351e-01       5.060976e-03       3.808637e-04      
1.142733e-02       7.775090e-01       4.845323e-03       3.852395e-04      
1.155892e-02       7.601258e-01       4.623293e-03       3.897174e-04      
1.169358e-02       7.346568e-01       4.378855e-03       3.943011e-04      
1.183141e-02       6.978025e-01       4.131657e-03       3.989944e-04      
1.197253e-02       6.608969e-01       3.877927e-03       4.038014e-04      
1.211706e-02       6.157125e-01       3.618860e-03       4.087262e-04      
1.226512e-02       5.745074e-01       3.378575e-03       4.137732e-04      
1.241684e-02       5.283571e-01       3.136109e-03       4.189471e-04      
1.257236e-02       4.860888e-01       2.929344e-03       4.242526e-04      
1.273183e-02       4.395520e-01       2.700921e-03       4.296951e-04      
1.289540e-02       3.992776e-01       2.508044e-03       4.352797e-04      
1.306322e-02       3.558723e-01       2.302191e-03       4.410123e-04      
1.323547e-02       3.124933e-01       2.105864e-03       4.468987e-04      
1.341232e-02       2.794928e-01       1.938702e-03       4.529454e-04      
1.359396e-02       2.430852e-01       1.760910e-03       4.591590e-04      
1.378059e-02       2.107778e-01       1.601536e-03       4.655465e-04      
1.397242e-02       1.805828e-01       1.463229e-03       4.721153e-04      
1.402573e-02       1.752616e-01       1.654703e-03       4.792950e-04      
1.416966e-02       1.534387e-01       1.320483e-03       4.788735e-04      
1.422707e-02       1.480917e-01       1.457553e-03       4.862731e-04      
1.443428e-02       1.194308e-01       1.258913e-03       4.934588e-04      
1.464761e-02       1.051910e-01       1.136453e-03       5.008615e-04      
1.486735e-02       8.991235e-02       1.011263e-03       5.084914e-04      
1.509378e-02       7.757190e-02       9.099305e-04       5.163591e-04      
1.532721e-02       6.496554e-02       8.143047e-04       5.244760e-04      
1.556797e-02       5.590538e-02       7.410100e-04       5.328541e-04      
1.581642e-02       4.673501e-02       6.810345e-04       5.415065e-04      
1.607293e-02       4.197817e-02       6.392785e-04       5.504469e-04      
1.633790e-02       3.714349e-02       5.846865e-04       5.596901e-04      
1.661175e-02       3.349353e-02       5.497696e-04       5.692517e-04      
1.689493e-02       3.052192e-02       5.228174e-04       5.791487e-04      
1.718794e-02       2.846629e-02       4.970434e-04       5.893993e-04      
1.749129e-02       2.657623e-02       4.700093e-04       6.000228e-04      
1.780554e-02       2.556451e-02       4.578750e-04       6.110402e-04      
1.813129e-02       2.394299e-02       4.469697e-04       6.224740e-04      
1.846918e-02       2.367009e-02       4.593483e-04       6.343485e-04      
1.881990e-02       2.135168e-02       4.205788e-04       6.466900e-04      
1.918420e-02       2.085345e-02       4.029116e-04       6.595267e-04      
1.956288e-02       2.195753e-02       4.018546e-04       6.728895e-04      
1.995681e-02       1.982295e-02       3.751793e-04       6.868116e-04      
2.036694e-02       1.905534e-02       3.665513e-04       7.013294e-04      
2.079427e-02       1.764836e-02       3.463687e-04       7.164824e-04      
2.123992e-02       1.658215e-02       3.323313e-04       7.323136e-04      
2.170509e-02       1.535873e-02       3.156520e-04       7.488702e-04      
2.219110e-02       1.443876e-02       2.987905e-04       7.662039e-04      
2.269936e-02       1.383968e-02       2.896805e-04       7.843713e-04      
2.323146e-02       1.296537e-02       2.744904e-04       8.034349e-04      
2.378909e-02       1.151983e-02       2.553511e-04       8.234636e-04      
2.437416e-02       1.070211e-02       2.429373e-04       8.445335e-04      
2.478214e-02       9.839897e-03       2.459565e-04       8.348313e-04      
2.498873e-02       9.517558e-03       2.261912e-04       8.667293e-04      
2.504626e-02       9.381136e-03       1.606237e-04       8.438549e-04      
2.540580e-02       8.863658e-03       1.489958e-04       8.561456e-04      
2.577583e-02       8.453671e-03       1.400409e-04       8.688022e-04      
2.615678e-02       7.874341e-03       1.297671e-04       8.818413e-04      
2.654917e-02       7.446513e-03       1.227180e-04       8.952807e-04      
2.695351e-02       6.953515e-03       1.165211e-04       9.091393e-04      
2.737036e-02       6.632296e-03       1.120232e-04       9.234371e-04      
2.780030e-02       5.798087e-03       1.014812e-04       9.381954e-04      
2.824397e-02       5.308750e-03       9.679946e-05       9.534372e-04      
2.870203e-02       4.855451e-03       9.223530e-05       9.691866e-04      
2.917518e-02       4.687841e-03       8.900032e-05       9.854697e-04      
2.966421e-02       4.074728e-03       8.190198e-05       1.002314e-03      
3.016990e-02       3.506820e-03       7.513206e-05       1.019750e-03      
3.069313e-02       3.263285e-03       7.152666e-05       1.037810e-03      
3.123484e-02       2.872348e-03       6.593405e-05       1.056527e-03      
3.179600e-02       2.589815e-03       6.233403e-05       1.075938e-03      
3.237770e-02       2.231697e-03       5.836200e-05       1.096084e-03      
3.298109e-02       1.852931e-03       5.478191e-05       1.117007e-03      
3.360738e-02       1.473078e-03       4.725014e-05       1.138753e-03      
3.425793e-02       1.204912e-03       4.142939e-05       1.161373e-03      
3.493415e-02       9.740644e-04       3.629740e-05       1.184921e-03      
3.563761e-02       7.641689e-04       3.164802e-05       1.209456e-03      
3.636999e-02       6.119612e-04       2.827834e-05       1.235042e-03      
3.713309e-02       5.152560e-04       2.564673e-05       1.261748e-03      
3.792891e-02       3.890667e-04       2.201297e-05       1.289651e-03      
3.875958e-02       3.514979e-04       2.059028e-05       1.318834e-03      
3.962746e-02       3.314183e-04       1.971744e-05       1.349388e-03      
4.053509e-02       3.516550e-04       1.991861e-05       1.381414e-03      
4.148527e-02       3.256419e-04       1.900201e-05       1.415022e-03      
4.248106e-02       3.241454e-04       1.878735e-05       1.450333e-03      
4.352584e-02       3.579041e-04       1.933173e-05       1.487483e-03      
4.462330e-02       3.378511e-04       1.849287e-05       1.526621e-03      
4.463040e-02       3.405462e-04       1.169826e-05       1.520070e-03      
4.577754e-02       3.048473e-04       1.768099e-05       1.567913e-03      
4.596931e-02       3.100574e-04       1.062704e-05       1.567270e-03      
4.699307e-02       3.115177e-04       1.793008e-05       1.611546e-03      
4.734839e-02       2.759074e-04       9.762903e-06       1.616033e-03      
4.876885e-02       2.321271e-04       8.764563e-06       1.666419e-03      
5.023191e-02       1.922830e-04       8.011362e-06       1.718490e-03      
5.173887e-02       1.565782e-04       7.212819e-06       1.772314e-03      
5.329103e-02       1.399360e-04       6.773604e-06       1.827959e-03      
5.488977e-02       1.146423e-04       6.124862e-06       1.885499e-03      
5.653646e-02       1.111553e-04       6.173367e-06       1.945012e-03      
5.823255e-02       8.760712e-05       5.717305e-06       2.006578e-03      
5.997953e-02       9.642738e-05       5.705992e-06       2.070284e-03      
6.177891e-02       9.574739e-05       5.563861e-06       2.136219e-03      
6.363228e-02       9.224658e-05       5.478289e-06       2.204480e-03      
6.554125e-02       7.861509e-05       5.080726e-06       2.275167e-03      
6.750749e-02       6.287404e-05       4.603682e-06       2.348386e-03      
6.953271e-02       5.952314e-05       4.464388e-06       2.424250e-03      
7.161869e-02       5.269207e-05       4.227883e-06       2.502879e-03      
7.376726e-02       4.451391e-05       3.960858e-06       2.584398e-03      
7.598027e-02       4.439123e-05       3.928321e-06       2.668941e-03      
7.825968e-02       4.442719e-05       3.902446e-06       2.756650e-03      
8.060747e-02       3.517578e-05       3.609390e-06       2.847675e-03      
8.302570e-02       1.836023e-05       2.675415e-06       2.942175e-03      
