# Datafile created by QuickNXS 2.1.0
# Datafile created using Mantid 4.2.0
# Date: 2023-02-22 16:10:41
# Type: Specular
# Input file indices: 41919,41920,41921,41922,41923,41924
# Extracted states: Off-Off
#
# [Direct Beam Runs]
#    DB_ID        P0        PN     x_pos   x_width     y_pos   y_width    bg_pos  bg_width      dpix       tth    number      File
#        1         0         0     220.1        11     125.5       110        30        20       219         0     41916  /SNS/REF_M/IPTS-31275/nexus/REF_M_41916.nxs.h5
#        2         0         0     220.1        11     125.5       110        30        20       219         0     41917  /SNS/REF_M/IPTS-31275/nexus/REF_M_41917.nxs.h5
#        3         0         0     220.5        13     125.5       110        30        20       219         0     41918  /SNS/REF_M/IPTS-31275/nexus/REF_M_41918.nxs.h5
#        4         0         0     220.5        13     125.5       110        30        20       219         0     41918  /SNS/REF_M/IPTS-31275/nexus/REF_M_41918.nxs.h5
#        5         0         0     220.5        13     125.5       110        30        20       219         0     41918  /SNS/REF_M/IPTS-31275/nexus/REF_M_41918.nxs.h5
#        6         0         0     220.5        13     125.5       110        30        20       219         0     41918  /SNS/REF_M/IPTS-31275/nexus/REF_M_41918.nxs.h5
#
# [Data Runs]
#    scale        P0        PN     x_pos   x_width     y_pos   y_width    bg_pos  bg_width       fan      dpix       tth    number     DB_ID      File
#   3.1329         3         3     179.5         9     125.5       110        30        20     False       219  4.42979e-14     41919         1  /SNS/REF_M/IPTS-31275/nexus/REF_M_41919.nxs.h5
#   0.6094         3         6     179.5         7     128.5        85        30        20     False       219  4.42979e-14     41920         2  /SNS/REF_M/IPTS-31275/nexus/REF_M_41920.nxs.h5
#   0.3321         3         6     180.5         7     128.5        85        30        20     False       219  0.535074     41921         3  /SNS/REF_M/IPTS-31275/nexus/REF_M_41921.nxs.h5
#   0.2401         2         3       181         9     128.5        85        30        20     False       219   1.46562     41922         4  /SNS/REF_M/IPTS-31275/nexus/REF_M_41922.nxs.h5
#   0.1724         3         1     181.5        10     128.5        85        30        20     False       219   3.10337     41923         5  /SNS/REF_M/IPTS-31275/nexus/REF_M_41923.nxs.h5
# 0.198609         3         1     182.9        12     128.5        62       230        20     False       219   5.97593     41924         6  /SNS/REF_M/IPTS-31275/nexus/REF_M_41924.nxs.h5
#
# [Global Options]
# name           value
# sample_length  10.0
#
# [Data]
#     Qz [1/A]	    R [a.u.]	   dR [a.u.]	   dQz [1/A]	 theta [rad]
9.634487e-03      	1.020017e+00      	8.844181e-03      	3.243855e-04      	6.018720e-03      
9.727858e-03      	1.032649e+00      	8.313847e-03      	3.275506e-04      	6.018720e-03      
9.823056e-03      	1.008385e+00      	7.894878e-03      	3.307783e-04      	6.018720e-03      
9.920137e-03      	9.889476e-01      	7.510602e-03      	3.340705e-04      	6.018720e-03      
1.001915e-02      	1.016999e+00      	7.408104e-03      	3.374291e-04      	6.018720e-03      
1.012017e-02      	1.012458e+00      	7.221356e-03      	3.408562e-04      	6.018720e-03      
1.022324e-02      	9.849095e-01      	6.898942e-03      	3.443538e-04      	6.018720e-03      
1.032844e-02      	9.709113e-01      	6.678880e-03      	3.479242e-04      	6.018720e-03      
1.043582e-02      	9.565754e-01      	6.436648e-03      	3.515698e-04      	6.018720e-03      
1.054545e-02      	9.466701e-01      	6.239703e-03      	3.552928e-04      	6.018720e-03      
1.065742e-02      	9.536315e-01      	6.151068e-03      	3.590959e-04      	6.018720e-03      
1.077179e-02      	9.235416e-01      	5.907000e-03      	3.629815e-04      	6.018720e-03      
1.088864e-02      	9.035327e-01      	5.741940e-03      	3.669526e-04      	6.018720e-03      
1.100805e-02      	8.779760e-01      	5.588407e-03      	3.710118e-04      	6.018720e-03      
1.113011e-02      	8.343467e-01      	5.342883e-03      	3.751623e-04      	6.018720e-03      
1.125491e-02      	8.058644e-01      	5.104972e-03      	3.794071e-04      	6.018720e-03      
1.138254e-02      	7.828916e-01      	4.870358e-03      	3.837494e-04      	6.018720e-03      
1.151309e-02      	7.647243e-01      	4.659721e-03      	3.881928e-04      	6.018720e-03      
1.164668e-02      	7.468311e-01      	4.443664e-03      	3.927408e-04      	6.018720e-03      
1.178340e-02      	7.133377e-01      	4.194907e-03      	3.973971e-04      	6.018720e-03      
1.192337e-02      	6.732827e-01      	3.926993e-03      	4.021656e-04      	6.018720e-03      
1.206671e-02      	6.321020e-01      	3.686719e-03      	4.070506e-04      	6.018720e-03      
1.221353e-02      	5.851584e-01      	3.422441e-03      	4.120564e-04      	6.018720e-03      
1.236397e-02      	5.439975e-01      	3.189768e-03      	4.171874e-04      	6.018720e-03      
1.251816e-02      	4.968380e-01      	2.968450e-03      	4.224485e-04      	6.018720e-03      
1.267625e-02      	4.545119e-01      	2.754013e-03      	4.278448e-04      	6.018720e-03      
1.283838e-02      	4.130376e-01      	2.553267e-03      	4.333814e-04      	6.018720e-03      
1.300471e-02      	3.695923e-01      	2.351034e-03      	4.390641e-04      	6.018720e-03      
1.317541e-02      	3.266389e-01      	2.156167e-03      	4.448987e-04      	6.018720e-03      
1.335065e-02      	2.895005e-01      	1.975751e-03      	4.508914e-04      	6.018720e-03      
1.353062e-02      	2.542108e-01      	1.803885e-03      	4.570487e-04      	6.018720e-03      
1.371550e-02      	2.220926e-01      	1.644464e-03      	4.633776e-04      	6.018720e-03      
1.381101e-02      	2.038656e-01      	2.241670e-03      	4.665981e-04      	6.018720e-03      
1.390550e-02      	1.903699e-01      	1.498161e-03      	4.698854e-04      	6.018720e-03      
1.400369e-02      	1.753406e-01      	1.689798e-03      	4.731973e-04      	6.018720e-03      
1.410085e-02      	1.621225e-01      	1.357114e-03      	4.765798e-04      	6.018720e-03      
1.420182e-02      	1.487659e-01      	1.422018e-03      	4.799870e-04      	6.018720e-03      
1.440564e-02      	1.243803e-01      	1.244666e-03      	4.869758e-04      	6.018720e-03      
1.461539e-02      	9.981848e-02      	1.073199e-03      	4.941726e-04      	6.018720e-03      
1.483134e-02      	8.754101e-02      	9.666257e-04      	5.015868e-04      	6.018720e-03      
1.505377e-02      	7.442770e-02      	8.570176e-04      	5.092286e-04      	6.018720e-03      
1.528297e-02      	6.376075e-02      	7.686592e-04      	5.171086e-04      	6.018720e-03      
1.551926e-02      	5.289600e-02      	6.849097e-04      	5.252383e-04      	6.018720e-03      
1.576297e-02      	4.582156e-02      	6.247206e-04      	5.336297e-04      	6.018720e-03      
1.601446e-02      	3.767451e-02      	5.692911e-04      	5.422959e-04      	6.018720e-03      
1.627410e-02      	3.399281e-02      	5.361531e-04      	5.512506e-04      	6.018720e-03      
1.654230e-02      	2.975380e-02      	4.873863e-04      	5.605087e-04      	6.018720e-03      
1.681949e-02      	2.744267e-02      	4.634632e-04      	5.700859e-04      	6.018720e-03      
1.710613e-02      	2.472001e-02      	4.380143e-04      	5.799992e-04      	6.018720e-03      
1.740270e-02      	2.309403e-02      	4.171720e-04      	5.902667e-04      	6.018720e-03      
1.770974e-02      	2.163394e-02      	3.950228e-04      	6.009079e-04      	6.018720e-03      
1.802781e-02      	2.097709e-02      	3.860499e-04      	6.119439e-04      	6.018720e-03      
1.835751e-02      	1.981956e-02      	3.783841e-04      	6.233971e-04      	6.018720e-03      
1.869950e-02      	1.978840e-02      	3.912479e-04      	6.352920e-04      	6.018720e-03      
1.905447e-02      	1.782369e-02      	3.580467e-04      	6.476548e-04      	6.018720e-03      
1.942318e-02      	1.762716e-02      	3.450707e-04      	6.605141e-04      	6.018720e-03      
1.980644e-02      	1.840420e-02      	3.426244e-04      	6.739005e-04      	6.018720e-03      
2.020513e-02      	1.712325e-02      	3.248124e-04      	6.878477e-04      	6.018720e-03      
2.062020e-02      	1.629726e-02      	3.157637e-04      	7.023919e-04      	6.018720e-03      
2.105268e-02      	1.524229e-02      	2.997713e-04      	7.175727e-04      	6.018720e-03      
2.150369e-02      	1.412893e-02      	2.856625e-04      	7.334336e-04      	6.018720e-03      
2.197445e-02      	1.320115e-02      	2.725647e-04      	7.500216e-04      	6.018720e-03      
2.246628e-02      	1.247005e-02      	2.585544e-04      	7.673886e-04      	6.018720e-03      
2.298063e-02      	1.186035e-02      	2.497871e-04      	7.855916e-04      	6.018720e-03      
2.351908e-02      	1.104905e-02      	2.360118e-04      	8.046932e-04      	6.018720e-03      
2.408337e-02      	1.002921e-02      	2.218084e-04      	8.247625e-04      	6.018720e-03      
2.417583e-02      	1.001002e-02      	2.113206e-04      	8.193361e-04      	1.053575e-02      
2.451311e-02      	9.336546e-03      	1.702169e-04      	8.309231e-04      	1.053575e-02      
2.467541e-02      	9.211195e-03      	2.099455e-04      	8.458761e-04      	6.018720e-03      
2.485993e-02      	8.818501e-03      	1.507262e-04      	8.428447e-04      	1.053575e-02      
2.521671e-02      	8.383533e-03      	1.402270e-04      	8.551158e-04      	1.053575e-02      
2.529728e-02      	8.145312e-03      	1.947954e-04      	8.681187e-04      	6.018720e-03      
2.558388e-02      	7.965225e-03      	1.315031e-04      	8.677519e-04      	1.053575e-02      
2.596189e-02      	7.436573e-03      	1.219794e-04      	8.807699e-04      	1.053575e-02      
2.635125e-02      	6.986727e-03      	1.150003e-04      	8.941872e-04      	1.053575e-02      
2.675246e-02      	6.569484e-03      	1.095737e-04      	9.080229e-04      	1.053575e-02      
2.716608e-02      	6.239777e-03      	1.050866e-04      	9.222967e-04      	1.053575e-02      
2.759269e-02      	5.461795e-03      	9.525445e-05      	9.370302e-04      	1.053575e-02      
2.803292e-02      	5.014021e-03      	9.093720e-05      	9.522460e-04      	1.053575e-02      
2.848741e-02      	4.574461e-03      	8.657261e-05      	9.679683e-04      	1.053575e-02      
2.895689e-02      	4.440935e-03      	8.378646e-05      	9.842231e-04      	1.053575e-02      
2.944210e-02      	3.841479e-03      	7.683552e-05      	1.001038e-03      	1.053575e-02      
2.994385e-02      	3.312739e-03      	7.054323e-05      	1.018443e-03      	1.053575e-02      
3.046300e-02      	3.088369e-03      	6.723639e-05      	1.036470e-03      	1.053575e-02      
3.100046e-02      	2.708837e-03      	6.187066e-05      	1.055153e-03      	1.053575e-02      
3.155724e-02      	2.461026e-03      	5.868699e-05      	1.074528e-03      	1.053575e-02      
3.213437e-02      	2.112662e-03      	5.479426e-05      	1.094637e-03      	1.053575e-02      
3.273301e-02      	1.769663e-03      	5.168341e-05      	1.115520e-03      	1.053575e-02      
3.335438e-02      	1.408008e-03      	4.452661e-05      	1.137225e-03      	1.053575e-02      
3.399980e-02      	1.143342e-03      	3.889290e-05      	1.159801e-03      	1.053575e-02      
3.467068e-02      	9.405075e-04      	3.433196e-05      	1.183303e-03      	1.053575e-02      
3.536858e-02      	7.417488e-04      	2.996761e-05      	1.207788e-03      	1.053575e-02      
3.609514e-02      	5.892668e-04      	2.657176e-05      	1.233322e-03      	1.053575e-02      
3.685219e-02      	4.974780e-04      	2.413545e-05      	1.259973e-03      	1.053575e-02      
3.764167e-02      	3.781289e-04      	2.072428e-05      	1.287817e-03      	1.053575e-02      
3.846572e-02      	3.435193e-04      	1.941919e-05      	1.316938e-03      	1.053575e-02      
3.932666e-02      	3.180148e-04      	1.839334e-05      	1.347426e-03      	1.053575e-02      
4.022701e-02      	3.433678e-04      	1.881861e-05      	1.379381e-03      	1.053575e-02      
4.116956e-02      	3.211624e-04      	1.792763e-05      	1.412913e-03      	1.053575e-02      
4.215734e-02      	3.162112e-04      	1.762380e-05      	1.448144e-03      	1.053575e-02      
4.319368e-02      	3.484590e-04      	1.821648e-05      	1.485207e-03      	1.053575e-02      
4.428226e-02      	3.305786e-04      	1.747386e-05      	1.524251e-03      	1.053575e-02      
4.463040e-02      	3.306268e-04      	1.101305e-05      	1.519205e-03      	1.858009e-02      
4.596931e-02      	3.099464e-04      	1.001952e-05      	1.566327e-03      	1.858009e-02      
4.734839e-02      	2.729839e-04      	9.151522e-06      	1.615003e-03      	1.858009e-02      
4.876885e-02      	2.357224e-04      	8.271031e-06      	1.665295e-03      	1.858009e-02      
5.023191e-02      	1.893294e-04      	7.447936e-06      	1.717263e-03      	1.858009e-02      
5.173887e-02      	1.592211e-04      	6.745038e-06      	1.770974e-03      	1.858009e-02      
5.329103e-02      	1.448108e-04      	6.395517e-06      	1.826497e-03      	1.858009e-02      
5.488977e-02      	1.164747e-04      	5.676118e-06      	1.883904e-03      	1.858009e-02      
5.653646e-02      	1.150161e-04      	5.772631e-06      	1.943272e-03      	1.858009e-02      
5.823255e-02      	1.009071e-04      	5.526380e-06      	2.004680e-03      	1.858009e-02      
5.997953e-02      	9.608927e-05      	5.221540e-06      	2.068213e-03      	1.858009e-02      
6.177891e-02      	1.014557e-04      	5.260700e-06      	2.133960e-03      	1.858009e-02      
6.363228e-02      	9.463590e-05      	5.075379e-06      	2.202016e-03      	1.858009e-02      
6.554125e-02      	8.372809e-05      	4.765823e-06      	2.272480e-03      	1.858009e-02      
6.750749e-02      	6.978385e-05      	4.325471e-06      	2.345456e-03      	1.858009e-02      
6.953271e-02      	6.823604e-05      	4.245174e-06      	2.421056e-03      	1.858009e-02      
7.161869e-02      	5.846516e-05      	3.906269e-06      	2.499396e-03      	1.858009e-02      
7.376726e-02      	5.464016e-05      	3.780273e-06      	2.580602e-03      	1.858009e-02      
7.598027e-02      	5.104122e-05      	3.640767e-06      	2.664804e-03      	1.858009e-02      
7.825968e-02      	4.949635e-05      	3.588074e-06      	2.752141e-03      	1.858009e-02      
8.060747e-02      	4.447105e-05      	3.452916e-06      	2.842762e-03      	1.858009e-02      
8.060747e-02      	4.336024e-05      	1.882639e-06      	2.735177e-03      	3.279597e-02      
8.302570e-02      	3.938440e-05      	3.300391e-06      	2.936823e-03      	1.858009e-02      
8.302570e-02      	4.020012e-05      	1.750745e-06      	2.820164e-03      	3.279597e-02      
8.551647e-02      	3.894701e-05      	1.679901e-06      	2.907969e-03      	3.279597e-02      
8.808196e-02      	3.506756e-05      	1.590088e-06      	2.998701e-03      	3.279597e-02      
9.072442e-02      	3.342214e-05      	1.537188e-06      	3.092475e-03      	3.279597e-02      
9.344615e-02      	2.879426e-05      	1.418739e-06      	3.189410e-03      	3.279597e-02      
9.624954e-02      	2.532060e-05      	1.316512e-06      	3.289632e-03      	3.279597e-02      
9.913702e-02      	2.567151e-05      	1.340336e-06      	3.393276e-03      	3.279597e-02      
1.021111e-01      	2.422352e-05      	1.349544e-06      	3.500480e-03      	3.279597e-02      
1.051745e-01      	2.042748e-05      	1.205217e-06      	3.611391e-03      	3.279597e-02      
1.083297e-01      	1.756873e-05      	1.090221e-06      	3.726167e-03      	3.279597e-02      
1.115796e-01      	1.746184e-05      	1.081051e-06      	3.844969e-03      	3.279597e-02      
1.149270e-01      	1.471002e-05      	9.938215e-07      	3.967972e-03      	3.279597e-02      
1.183748e-01      	1.439653e-05      	9.764263e-07      	4.095358e-03      	3.279597e-02      
1.219260e-01      	1.462953e-05      	9.776973e-07      	4.227321e-03      	3.279597e-02      
1.255838e-01      	1.220793e-05      	8.875150e-07      	4.364064e-03      	3.279597e-02      
1.293513e-01      	1.232743e-05      	8.916844e-07      	4.505805e-03      	3.279597e-02      
1.332319e-01      	1.146318e-05      	8.565782e-07      	4.652772e-03      	3.279597e-02      
1.372288e-01      	1.081250e-05      	8.316872e-07      	4.805207e-03      	3.279597e-02      
1.413457e-01      	1.022198e-05      	8.203566e-07      	4.963370e-03      	3.279597e-02      
1.413457e-01      	1.024980e-05      	6.239489e-07      	4.790502e-03      	5.765048e-02      
1.455861e-01      	1.007672e-05      	8.275283e-07      	5.127531e-03      	3.279597e-02      
1.455861e-01      	9.768291e-06      	5.862843e-07      	4.939640e-03      	5.765048e-02      
1.499536e-01      	8.812389e-06      	5.426905e-07      	5.093747e-03      	5.765048e-02      
1.499536e-01      	8.323705e-06      	9.071985e-07      	5.297981e-03      	3.279597e-02      
1.544523e-01      	7.450590e-06      	1.874127e-06      	5.475027e-03      	3.279597e-02      
1.544523e-01      	6.954377e-06      	4.806305e-07      	5.253019e-03      	5.765048e-02      
1.590858e-01      	7.182101e-06      	4.845508e-07      	5.417660e-03      	5.765048e-02      
1.638584e-01      	7.449010e-06      	4.897649e-07      	5.587882e-03      	5.765048e-02      
1.687741e-01      	6.745424e-06      	4.615086e-07      	5.763913e-03      	5.765048e-02      
1.738374e-01      	6.503145e-06      	4.574051e-07      	5.945990e-03      	5.765048e-02      
1.790525e-01      	6.798572e-06      	4.854196e-07      	6.134362e-03      	5.765048e-02      
1.844241e-01      	6.185951e-06      	4.512824e-07      	6.329294e-03      	5.765048e-02      
1.899568e-01      	5.628927e-06      	4.192775e-07      	6.531063e-03      	5.765048e-02      
1.956555e-01      	5.415555e-06      	4.088099e-07      	6.739964e-03      	5.765048e-02      
2.015252e-01      	4.781828e-06      	3.847347e-07      	6.956306e-03      	5.765048e-02      
2.075709e-01      	4.657020e-06      	3.772068e-07      	7.180418e-03      	5.765048e-02      
2.137980e-01      	3.820992e-06      	3.391271e-07      	7.412646e-03      	5.765048e-02      
2.202120e-01      	4.320999e-06      	3.588768e-07      	7.653357e-03      	5.765048e-02      
2.268183e-01      	4.199145e-06      	3.528902e-07      	7.902940e-03      	5.765048e-02      
2.336229e-01      	3.890615e-06      	3.395237e-07      	8.161806e-03      	5.765048e-02      
2.406316e-01      	3.270572e-06      	3.099430e-07      	8.430393e-03      	5.765048e-02      
2.478505e-01      	3.242900e-06      	3.123126e-07      	8.709163e-03      	5.765048e-02      
2.552860e-01      	4.074450e-06      	3.581192e-07      	8.998608e-03      	5.765048e-02      
2.629446e-01      	3.184926e-06      	3.579268e-07      	9.299249e-03      	5.765048e-02      
2.708330e-01      	2.277940e-06      	7.486840e-07      	9.611641e-03      	5.765048e-02      
2.789579e-01      	4.827515e-06      	3.173500e-06      	9.936373e-03      	5.765048e-02      
