5.676030e-03       8.507665e-01       4.037224e-02       2.255919e-04      
5.728253e-03       9.643983e-01       2.865323e-02       2.276766e-04      
5.781446e-03       9.318983e-01       2.126318e-02       2.298003e-04      
5.835636e-03       8.973101e-01       1.795241e-02       2.319641e-04      
5.890852e-03       8.943583e-01       1.673568e-02       2.341691e-04      
5.947122e-03       8.997917e-01       1.594046e-02       2.364165e-04      
6.004478e-03       9.037005e-01       1.537948e-02       2.387076e-04      
6.062951e-03       8.958531e-01       1.475854e-02       2.410437e-04      
6.122574e-03       9.101983e-01       1.460179e-02       2.434260e-04      
6.183381e-03       8.783944e-01       1.368490e-02       2.458560e-04      
6.245408e-03       9.204226e-01       1.380960e-02       2.483352e-04      
6.308693e-03       9.377500e-01       1.378277e-02       2.508650e-04      
6.373273e-03       9.180060e-01       1.313767e-02       2.534470e-04      
6.439188e-03       9.597109e-01       1.328704e-02       2.560828e-04      
6.506482e-03       9.413613e-01       1.255678e-02       2.587742e-04      
6.575196e-03       9.316844e-01       1.217011e-02       2.615229e-04      
6.645378e-03       9.340586e-01       1.196476e-02       2.643309e-04      
6.717074e-03       9.544940e-01       1.185351e-02       2.671999e-04      
6.790334e-03       9.669268e-01       1.174953e-02       2.701321e-04      
6.865210e-03       9.661980e-01       1.162978e-02       2.731296e-04      
6.941755e-03       9.406690e-01       1.122147e-02       2.761946e-04      
7.020026e-03       9.402266e-01       1.088934e-02       2.793293e-04      
7.100083e-03       9.726882e-01       1.068014e-02       2.825363e-04      
7.181987e-03       9.771747e-01       1.037826e-02       2.858180e-04      
7.265802e-03       9.821933e-01       9.928399e-03       2.891771e-04      
7.351597e-03       9.844621e-01       9.513627e-03       2.926164e-04      
7.439442e-03       9.923784e-01       9.266391e-03       2.961387e-04      
7.529412e-03       9.784332e-01       8.860294e-03       2.997473e-04      
7.621584e-03       9.737721e-01       8.545493e-03       3.034451e-04      
7.716041e-03       9.844964e-01       8.348086e-03       3.072358e-04      
7.812869e-03       9.728630e-01       7.995866e-03       3.111226e-04      
7.912158e-03       9.914987e-01       7.878270e-03       3.151095e-04      
8.014003e-03       9.936806e-01       7.682519e-03       3.192004e-04      
8.118504e-03       9.975017e-01       7.501246e-03       3.233993e-04      
8.225767e-03       9.860479e-01       7.204411e-03       3.277106e-04      
8.335902e-03       9.985522e-01       7.083296e-03       3.321390e-04      
8.449026e-03       9.949311e-01       6.831219e-03       3.366892e-04      
8.565262e-03       1.001467e+00       6.683218e-03       3.413664e-04      
8.684741e-03       9.891635e-01       6.548999e-03       3.461761e-04      
8.807601e-03       1.012215e+00       6.515150e-03       3.511239e-04      
8.933987e-03       9.999510e-01       6.399777e-03       3.562159e-04      
9.064053e-03       9.975715e-01       6.283021e-03       3.614586e-04      
9.197962e-03       1.009606e+00       6.089171e-03       3.668587e-04      
9.335887e-03       1.012021e+00       5.891555e-03       3.724235e-04      
9.478011e-03       1.018268e+00       5.749080e-03       3.781607e-04      
9.624529e-03       1.012522e+00       5.582569e-03       3.840785e-04      
9.775649e-03       1.007809e+00       5.447779e-03       3.901856e-04      
9.931589e-03       1.016255e+00       5.570911e-03       3.964912e-04      
1.009259e-02       1.001052e+00       5.454894e-03       4.030054e-04      
1.025889e-02       1.025143e+00       5.374610e-03       4.097386e-04      
1.043076e-02       1.036668e+00       5.343696e-03       4.167021e-04      
1.060849e-02       1.022093e+00       5.318701e-03       4.239081e-04      
1.079239e-02       1.028996e+00       5.270878e-03       4.313695e-04      
1.098277e-02       1.030428e+00       5.133270e-03       4.391004e-04      
1.117999e-02       1.019865e+00       5.051293e-03       4.471155e-04      
1.138442e-02       1.026444e+00       5.134188e-03       4.554310e-04      
1.159647e-02       1.025016e+00       5.293612e-03       4.640643e-04      
1.181656e-02       1.015102e+00       5.103816e-03       4.730341e-04      
1.204518e-02       1.013102e+00       4.930680e-03       4.823606e-04      
1.228281e-02       9.980657e-01       4.730596e-03       4.920656e-04      
1.253001e-02       9.548280e-01       4.525633e-03       5.021729e-04      
1.278736e-02       8.738863e-01       4.311297e-03       5.127083e-04      
1.305550e-02       7.198940e-01       3.756079e-03       5.236998e-04      
1.333513e-02       5.489933e-01       3.209427e-03       5.351780e-04      
1.362701e-02       3.461278e-01       2.460436e-03       5.471762e-04      
1.393194e-02       2.080339e-01       1.828490e-03       5.597309e-04      
1.411042e-02       2.034591e-01       6.922793e-03       5.617058e-04      
1.424025e-02       1.679639e-01       4.112204e-03       5.668965e-04      
1.437248e-02       1.532034e-01       2.951582e-03       5.721843e-04      
1.450720e-02       1.240218e-01       2.249248e-03       5.775719e-04      
1.464446e-02       1.101314e-01       1.967315e-03       5.830621e-04      
1.478435e-02       8.997369e-02       1.667741e-03       5.886580e-04      
1.492693e-02       7.848577e-02       1.484556e-03       5.943625e-04      
1.507230e-02       6.471067e-02       1.290230e-03       6.001790e-04      
1.522052e-02       6.174247e-02       1.231777e-03       6.061107e-04      
1.537168e-02       5.368373e-02       1.094157e-03       6.121612e-04      
1.552588e-02       4.997923e-02       1.035295e-03       6.183340e-04      
1.568320e-02       4.659046e-02       9.840435e-04       6.246328e-04      
1.584374e-02       4.248706e-02       9.041758e-04       6.310616e-04      
1.600761e-02       4.155167e-02       8.835418e-04       6.376246e-04      
1.617490e-02       3.628216e-02       7.855801e-04       6.443258e-04      
1.634572e-02       3.482671e-02       7.501472e-04       6.511698e-04      
1.652019e-02       3.092881e-02       6.934502e-04       6.581612e-04      
1.669842e-02       2.968594e-02       6.646179e-04       6.653047e-04      
1.688055e-02       2.573643e-02       6.069771e-04       6.726055e-04      
1.706668e-02       2.409511e-02       5.809028e-04       6.800689e-04      
1.725697e-02       2.268705e-02       5.518775e-04       6.877002e-04      
1.745155e-02       2.083077e-02       5.120217e-04       6.955053e-04      
1.765057e-02       1.906612e-02       4.714326e-04       7.034902e-04      
1.785418e-02       1.847768e-02       4.496266e-04       7.116612e-04      
1.806254e-02       1.645045e-02       4.036562e-04       7.200248e-04      
1.827583e-02       1.466280e-02       3.648122e-04       7.285881e-04      
1.849421e-02       1.424082e-02       3.483867e-04       7.373583e-04      
1.871787e-02       1.331968e-02       3.246340e-04       7.463430e-04      
1.894701e-02       1.247405e-02       3.037638e-04       7.555501e-04      
1.918182e-02       1.134832e-02       2.813963e-04       7.649882e-04      
1.942253e-02       1.055751e-02       2.613524e-04       7.746659e-04      
1.966936e-02       1.010212e-02       2.489266e-04       7.845927e-04      
1.992255e-02       9.471518e-03       2.346534e-04       7.947782e-04      
2.018233e-02       8.672841e-03       2.186701e-04       8.052328e-04      
2.044898e-02       7.919434e-03       2.021839e-04       8.159673e-04      
2.072278e-02       8.079329e-03       1.992268e-04       8.269931e-04      
2.100400e-02       7.041927e-03       1.796177e-04       8.383224e-04      
2.129296e-02       6.336417e-03       1.659715e-04       8.499679e-04      
2.158998e-02       6.273060e-03       1.630723e-04       8.619431e-04      
2.189541e-02       5.362494e-03       1.477838e-04       8.742622e-04      
2.220960e-02       5.211576e-03       1.440565e-04       8.869403e-04      
2.253294e-02       4.831537e-03       1.363885e-04       8.999935e-04      
2.286583e-02       4.436174e-03       1.257305e-04       9.134388e-04      
2.320871e-02       4.163745e-03       1.176476e-04       9.272941e-04      
2.356202e-02       3.789909e-03       1.091305e-04       9.415786e-04      
2.392626e-02       3.550439e-03       1.028517e-04       9.563127e-04      
2.430194e-02       3.287300e-03       9.675181e-05       9.715181e-04      
2.468960e-02       3.161638e-03       9.656291e-05       9.872178e-04      
2.508983e-02       2.904109e-03       9.141100e-05       1.003437e-03      
2.550326e-02       2.651754e-03       8.481234e-05       1.020201e-03      
2.593053e-02       2.398364e-03       7.968439e-05       1.037538e-03      
2.637237e-02       2.330675e-03       7.885206e-05       1.055480e-03      
2.682952e-02       2.188330e-03       7.538173e-05       1.074057e-03      
2.730280e-02       1.842053e-03       6.719294e-05       1.093305e-03      
2.779308e-02       1.789528e-03       6.556013e-05       1.113260e-03      
2.830129e-02       1.763893e-03       6.589950e-05       1.133964e-03      
2.882843e-02       1.544401e-03       6.359075e-05       1.155458e-03      
2.937558e-02       1.370347e-03       5.804521e-05       1.177791e-03      
2.994391e-02       1.315335e-03       5.499602e-05       1.201011e-03      
3.053465e-02       1.092431e-03       4.852543e-05       1.225174e-03      
3.114918e-02       1.012731e-03       4.580964e-05       1.250338e-03      
3.178895e-02       9.523768e-04       4.445518e-05       1.276568e-03      
3.245555e-02       8.947733e-04       4.204525e-05       1.303933e-03      
3.315070e-02       7.934045e-04       3.941663e-05       1.332510e-03      
3.387629e-02       7.374761e-04       3.746507e-05       1.362381e-03      
3.463435e-02       6.658623e-04       3.463617e-05       1.393638e-03      
3.542711e-02       6.273662e-04       3.347978e-05       1.426380e-03      
3.556471e-02       6.700471e-04       8.789030e-05       1.400122e-03      
3.589391e-02       6.300182e-04       6.068870e-05       1.413142e-03      
3.622926e-02       4.924553e-04       4.381821e-05       1.426406e-03      
3.657093e-02       4.904811e-04       4.048883e-05       1.439922e-03      
3.691912e-02       4.855548e-04       3.808319e-05       1.453698e-03      
3.727399e-02       4.543675e-04       3.580654e-05       1.467740e-03      
3.763576e-02       4.134055e-04       3.215651e-05       1.482057e-03      
3.800461e-02       3.739628e-04       3.010516e-05       1.496656e-03      
3.838077e-02       3.966746e-04       2.988188e-05       1.511547e-03      
3.876445e-02       3.810233e-04       2.892789e-05       1.526738e-03      
3.915587e-02       3.638083e-04       2.743917e-05       1.542239e-03      
3.955528e-02       3.558759e-04       2.661144e-05       1.558058e-03      
3.996293e-02       3.190018e-04       2.449031e-05       1.574205e-03      
4.037906e-02       2.980097e-04       2.308307e-05       1.590692e-03      
4.080395e-02       3.123737e-04       2.292884e-05       1.607529e-03      
4.123788e-02       2.931895e-04       2.150076e-05       1.624728e-03      
4.168114e-02       2.827593e-04       2.094539e-05       1.642299e-03      
4.213403e-02       2.674799e-04       1.994976e-05       1.660256e-03      
4.259686e-02       2.189043e-04       1.783308e-05       1.678611e-03      
4.306998e-02       2.710755e-04       1.951777e-05       1.697378e-03      
4.355373e-02       2.467612e-04       1.803708e-05       1.716570e-03      
4.404847e-02       2.614538e-04       1.814990e-05       1.736203e-03      
4.455458e-02       2.088922e-04       1.567779e-05       1.756292e-03      
4.507245e-02       2.105162e-04       1.490536e-05       1.776853e-03      
4.560250e-02       1.896071e-04       1.371267e-05       1.797903e-03      
4.614517e-02       1.682808e-04       1.246353e-05       1.819459e-03      
4.670091e-02       1.485539e-04       1.130853e-05       1.841540e-03      
4.727020e-02       1.334402e-04       1.030491e-05       1.864166e-03      
4.785354e-02       1.527370e-04       1.070541e-05       1.887357e-03      
4.845145e-02       1.566170e-04       1.051221e-05       1.911135e-03      
4.906450e-02       1.464304e-04       9.878790e-06       1.935522e-03      
4.969326e-02       1.363680e-04       9.292377e-06       1.960542e-03      
5.033834e-02       1.164990e-04       8.384550e-06       1.986220e-03      
5.100039e-02       1.199010e-04       8.274752e-06       2.012583e-03      
5.168009e-02       1.040040e-04       7.473615e-06       2.039658e-03      
5.237815e-02       9.425791e-05       6.992906e-06       2.067475e-03      
5.309533e-02       7.829743e-05       6.124599e-06       2.096065e-03      
5.383241e-02       7.854205e-05       6.123332e-06       2.125461e-03      
5.459025e-02       8.418960e-05       6.151668e-06       2.155697e-03      
5.536974e-02       8.533050e-05       6.122697e-06       2.186810e-03      
5.617180e-02       8.394013e-05       6.041082e-06       2.218839e-03      
5.699745e-02       7.517261e-05       5.522998e-06       2.251826e-03      
5.784773e-02       7.766911e-05       5.348457e-06       2.285814e-03      
5.872376e-02       5.862080e-05       4.615991e-06       2.320850e-03      
5.962673e-02       6.309448e-05       4.595303e-06       2.356982e-03      
6.055790e-02       5.691303e-05       4.274404e-06       2.394265e-03      
6.151862e-02       5.621001e-05       4.291660e-06       2.432754e-03      
6.251032e-02       5.065830e-05       4.146984e-06       2.472508e-03      
6.353451e-02       5.559634e-05       4.171909e-06       2.513592e-03      
6.459282e-02       4.382746e-05       3.685169e-06       2.556074e-03      
6.568698e-02       3.966804e-05       3.505205e-06       2.600027e-03      
6.681885e-02       4.362228e-05       3.640362e-06       2.645530e-03      
6.799042e-02       3.886745e-05       3.314399e-06       2.692665e-03      
6.920380e-02       3.617337e-05       3.216235e-06       2.741524e-03      
7.046127e-02       3.496156e-05       3.161996e-06       2.792204e-03      
7.176529e-02       3.475818e-05       3.247830e-06       2.844808e-03      
7.311849e-02       3.131996e-05       3.048506e-06       2.899450e-03      
7.452370e-02       3.012099e-05       2.927437e-06       2.956251e-03      
7.598398e-02       2.582886e-05       2.603086e-06       3.015342e-03      
7.750263e-02       2.688164e-05       2.570093e-06       3.076868e-03      
7.908322e-02       2.529888e-05       2.550866e-06       3.140981e-03      
8.072962e-02       2.038041e-05       2.263851e-06       3.207852e-03      
8.244604e-02       2.302067e-05       2.341150e-06       3.277662e-03      
8.423702e-02       1.773719e-05       2.110142e-06       3.350613e-03      
8.610755e-02       1.306576e-05       1.823562e-06       3.426923e-03      
8.806303e-02       1.415358e-05       1.892563e-06       3.506832e-03      
9.010939e-02       1.556701e-05       1.893237e-06       3.590604e-03      
9.225313e-02       1.415171e-05       1.802236e-06       3.678529e-03      
9.450134e-02       1.335593e-05       1.686240e-06       3.770928e-03      
9.686188e-02       9.285680e-06       1.531137e-06       3.868154e-03      
9.934336e-02       1.235822e-05       1.617749e-06       3.970601e-03      
1.019553e-01       1.052884e-05       1.535601e-06       4.078707e-03      
1.047084e-01       8.668071e-06       1.413912e-06       4.192959e-03      
1.076142e-01       7.575508e-06       1.380957e-06       4.313906e-03      
1.106859e-01       5.051589e-06       1.135474e-06       4.442161e-03      
1.115796e-01       5.002072e-06       6.341645e-07       4.455649e-03      
1.149270e-01       5.286327e-06       5.667477e-07       4.592441e-03      
1.183748e-01       5.005082e-06       5.260512e-07       4.733625e-03      
1.219260e-01       3.496241e-06       4.376126e-07       4.879357e-03      
1.255838e-01       3.962900e-06       4.344333e-07       5.029804e-03      
1.293513e-01       2.652600e-06       3.675078e-07       5.185137e-03      
1.332319e-01       3.057743e-06       3.723171e-07       5.345537e-03      
1.372288e-01       3.302833e-06       3.651598e-07       5.511194e-03      
1.413457e-01       2.513357e-06       3.284074e-07       5.682306e-03      
1.455861e-01       1.684834e-06       2.886570e-07       5.859079e-03      
1.499536e-01       1.478766e-06       2.731160e-07       6.041733e-03      
1.544523e-01       1.457684e-06       2.690358e-07       6.230496e-03      
1.590858e-01       1.261945e-06       2.521822e-07       6.425608e-03      
1.638584e-01       1.403944e-06       2.558427e-07       6.627322e-03      
1.687741e-01       1.002037e-06       2.352163e-07       6.835903e-03      
1.738374e-01       7.444685e-07       2.342576e-07       7.051631e-03      
1.790525e-01       4.973818e-07       2.230452e-07       7.274801e-03      
1.844241e-01       4.052194e-07       2.110809e-07       7.505722e-03      
1.899568e-01       6.084923e-07       2.033844e-07       7.744722e-03      
1.956555e-01       3.687496e-07       2.029833e-07       7.992147e-03      
2.015252e-01       2.123495e-07       1.833501e-07       8.248361e-03      
2.075709e-01       2.204981e-07       1.939870e-07       8.513750e-03      
   
